FORECAST_API_KEY=fafe5d2e872ef71ab78cbf369fa23d15
LOCATION_LAT=43.659771
LOCATION_LON=-79.421211
